n31k5_D: 0.0003056660
n31k5_B: 0.0002460410
n31k5_C: 0.0002097500
n31k5_A: 0.0002097080
n22k3_A: 0.0000810000
n14k5_D: 0.0000106250
n43k6_D: 0.0003892080
n22k3_B: 0.0000674580
n22k3_C: 0.0000667920
n43k6_C: 0.0003205830
n14k5_C: 0.0000080410
n14k5_B: 0.0000075830
n43k6_B: 0.0003018750
n22k3_D: 0.0000570000
n14k5_A: 0.0000067090
n43k6_A: 0.0002683750
n199k17_D: 0.0167130840
n199k17_C: 0.0158330000
n199k17_B: 0.0162480840
n199k17_A: 0.0159526670
n9k5_C: 0.0000178750
n9k5_B: 0.0000184170
n64k9_D: 0.0006386250
n9k5_A: 0.0000187090
n120k7_D: 0.0000130840
n64k9_A: 0.0006575840
n9k5_D: 0.0000189580
n120k7_A: 0.0000130000
n120k7_C: 0.0000145840
n64k9_B: 0.0006354580
n64k9_C: 0.0006583340
n120k7_B: 0.0000140410
