n31k5_D: 0.0003700410
n31k5_B: 0.0003006250
n31k5_C: 0.0003820830
n31k5_A: 0.0002516250
n22k3_A: 0.0001089170
n14k5_D: 0.0000133750
n43k6_D: 0.0004443340
n22k3_B: 0.0000812910
n22k3_C: 0.0000814580
n43k6_C: 0.0003847080
n14k5_C: 0.0000092920
n14k5_B: 0.0000091660
n43k6_B: 0.0003526250
n22k3_D: 0.0000664580
n14k5_A: 0.0000080420
n43k6_A: 0.0003199160
n199k17_D: 0.0184460840
n199k17_C: 0.0159431250
n199k17_B: 0.0158885830
n199k17_A: 0.0157391670
n9k5_C: 0.0000242500
n9k5_B: 0.0000200420
n64k9_D: 0.0006585840
n9k5_A: 0.0000176670
n120k7_D: 0.0000174170
n64k9_A: 0.0006605830
n9k5_D: 0.0000174580
n120k7_A: 0.0000177080
n120k7_C: 0.0000171250
n64k9_B: 0.0006687910
n64k9_C: 0.0006654160
n120k7_B: 0.0000136670
