n31k5_D: 0.0003431250
n31k5_B: 0.0003015000
n31k5_C: 0.0002475420
n31k5_A: 0.0002462080
n22k3_A: 0.0000935000
n14k5_D: 0.0000122090
n43k6_D: 0.0004443330
n22k3_B: 0.0000807080
n22k3_C: 0.0000802910
n43k6_C: 0.0003882910
n14k5_C: 0.0000112500
n14k5_B: 0.0000096250
n43k6_B: 0.0003436670
n22k3_D: 0.0000632920
n14k5_A: 0.0000079590
n43k6_A: 0.0002953750
n199k17_D: 0.0179336250
n199k17_C: 0.0162942090
n199k17_B: 0.0162275840
n199k17_A: 0.0160071660
n9k5_C: 0.0000189170
n9k5_B: 0.0000177500
n64k9_D: 0.0006625840
n9k5_A: 0.0000178340
n120k7_D: 0.0000134170
n64k9_A: 0.0006632910
n9k5_D: 0.0000185410
n120k7_A: 0.0000157920
n120k7_C: 0.0000142920
n64k9_B: 0.0006983750
n64k9_C: 0.0006737920
n120k7_B: 0.0000152500
