n31k5_D: 0.0037182500
n31k5_B: 0.0029738330
n31k5_C: 0.0024368330
n31k5_A: 0.0024847090
n22k3_A: 0.0002325420
n14k5_D: 0.0001264590
n43k6_D: 0.0079595000
n22k3_B: 0.0002052080
n22k3_C: 0.0001996670
n43k6_C: 0.0068125000
n14k5_C: 0.0000654580
n14k5_B: 0.0000636250
n43k6_B: 0.0060652500
n22k3_D: 0.0001566670
n14k5_A: 0.0000554590
n43k6_A: 0.0054810830
n199k17_D: 0.1983816250
n199k17_C: 0.1962250840
n199k17_B: 0.1984786670
n199k17_A: 0.1982906250
n9k5_C: 0.0000720420
n9k5_B: 0.0000720830
n64k9_D: 0.0098780420
n9k5_A: 0.0000704170
n120k7_D: 0.0005257910
n64k9_A: 0.0100020840
n9k5_D: 0.0000737090
n120k7_A: 0.0005145000
n120k7_C: 0.0005308750
n64k9_B: 0.0102608340
n64k9_C: 0.0098646670
n120k7_B: 0.0005332920
