n31k5_D: 0.0038784580
n31k5_B: 0.0030677910
n31k5_C: 0.0029248330
n31k5_A: 0.0024883750
n22k3_A: 0.0002708750
n14k5_D: 0.0000997920
n43k6_D: 0.0082360420
n22k3_B: 0.0002021660
n22k3_C: 0.0002028750
n43k6_C: 0.0070568330
n14k5_C: 0.0000667500
n14k5_B: 0.0000647910
n43k6_B: 0.0062077090
n22k3_D: 0.0001655840
n14k5_A: 0.0000579580
n43k6_A: 0.0057637500
n199k17_D: 0.1923538750
n199k17_C: 0.1927702080
n199k17_B: 0.1953260840
n199k17_A: 0.1949236660
n9k5_C: 0.0000882500
n9k5_B: 0.0000842920
n64k9_D: 0.0096433750
n9k5_A: 0.0000700830
n120k7_D: 0.0005162920
n64k9_A: 0.0096361670
n9k5_D: 0.0000706670
n120k7_A: 0.0005117080
n120k7_C: 0.0005157080
n64k9_B: 0.0096229170
n64k9_C: 0.0096064580
n120k7_B: 0.0005204160
