n31k5_D: 0.0041528750
n31k5_B: 0.0016561670
n31k5_C: 0.0014039590
n31k5_A: 0.0013238750
n22k3_A: 0.0002007500
n14k5_D: 0.0000691250
n43k6_D: 0.0039596670
n22k3_B: 0.0001656250
n22k3_C: 0.0001662920
n43k6_C: 0.0034320420
n14k5_C: 0.0000533750
n14k5_B: 0.0000548330
n43k6_B: 0.0032127920
n22k3_D: 0.0001374160
n14k5_A: 0.0000479580
n43k6_A: 0.0029180410
n199k17_D: 0.1611001660
n199k17_C: 0.1622197920
n199k17_B: 0.1621465410
n199k17_A: 0.1610507080
n9k5_C: 0.0000723750
n9k5_B: 0.0000687080
n64k9_D: 0.0076884170
n9k5_A: 0.0000700420
n120k7_D: 0.0005220830
n64k9_A: 0.0076950000
n9k5_D: 0.0000690830
n120k7_A: 0.0005139160
n120k7_C: 0.0005133750
n64k9_B: 0.0075974580
n64k9_C: 0.0075712920
n120k7_B: 0.0005242920
